[DEFAULT]
BUDGET_PERIOD_FROM = 2018-12-13
NOT_REQUIRED_ADDITIONAL_CLASSIFICATION_FROM = 2018-12-13
CPV_336_INN_FROM = 2019-02-27T00:00:00.000000+02:00
ORGANIZATION_SCALE_FROM = 2019-05-16T19:30:00.000000+03:00
VAT_FROM = 2019-05-17
MPC_REQUIRED_FROM = 2019-07-05
MILESTONES_VALIDATION_FROM = 2019-07-05
PLAN_BUYERS_REQUIRED_FROM = 2019-06-25T15:00:00.000000+03:00
QUICK_CAUSE_REQUIRED_FROM = 2019-10-24T00:00:00.000000+03:00
BUDGET_BREAKDOWN_REQUIRED_FROM = 2019-10-30T00:00:00.000000+03:00
WORKING_DATE_ALLOW_MIDNIGHT_FROM = 2019-09-01T00:00:00.000000+03:00
NORMALIZED_CLARIFICATIONS_PERIOD_FROM = 2019-09-01T00:00:00.000000+03:00
RELEASE_2020_04_19 = 2020-01-19
VALIDATE_ADDRESS_FROM = 2019-10-30T00:00:00.000000+02:00
