[DEFAULT]
BUDGET_PERIOD_FROM = 2018-12-13
NOT_REQUIRED_ADDITIONAL_CLASSIFICATION_FROM = 2018-12-13
CPV_336_INN_FROM = 2019-02-27T00:00:00.000000+02:00
ORGANIZATION_SCALE_FROM = 2019-05-16T19:30:00.000000+03:00
VAT_FROM = 2019-05-17
MPC_REQUIRED_FROM = 2019-05-14T14:35:00.000000+03:00
MILESTONES_VALIDATION_FROM = 2019-06-18
